beam_width: 512, mean_wer:0.477843, time per case: 0.5528257799148559 at 2023/09/19 20:56:46 : 1000データくらい回したやつ
beam_width: 512, mean_wer:0.461927, time per case: 0.27904653366406756 at 2023/09/19 23:58:12 : 0.8 エポックくらい (10,000 データくらい？) 回したやつ